VDriftFontV1
1
16 8
1024 512
32
32 0 0 0 0
33 0 24 3 9
34 15 24 1 14
35 -2 23 0 18
36 -5 25 0 17
37 -1 23 0 28
38 -1 24 1 23
39 15 24 1 7
40 -7 24 1 10
41 -7 24 0 10
42 13 24 0 12
43 -1 16 1 18
44 -6 5 2 7
45 6 11 0 10
46 0 5 2 7
47 -1 23 0 9
48 -1 24 0 17
49 0 23 2 13
50 0 24 0 17
51 -1 24 0 17
52 0 23 0 17
53 -1 23 0 17
54 -1 24 1 17
55 0 23 0 17
56 -1 24 0 17
57 -1 24 0 17
58 0 17 3 9
59 -6 17 3 9
60 -1 16 1 17
61 1 14 1 18
62 -1 16 1 17
63 0 24 2 18
64 -5 24 0 31
65 0 24 0 23
66 0 24 2 22
67 -1 24 1 22
68 0 24 2 22
69 0 24 2 20
70 0 24 2 19
71 -1 24 1 23
72 0 24 2 22
73 0 24 2 7
74 -1 24 0 16
75 0 24 2 23
76 0 24 2 19
77 0 24 2 25
78 0 24 2 22
79 -1 24 1 24
80 0 24 2 21
81 -2 24 1 24
82 0 24 2 22
83 -1 24 1 21
84 0 24 0 20
85 -1 24 2 21
86 0 24 0 21
87 0 24 0 30
88 0 24 0 21
89 0 24 0 21
90 0 24 0 19
91 -7 24 2 10
92 -1 23 -1 10
93 -7 24 0 9
94 8 23 1 17
95 -7 -3 -1 19
96 19 25 0 7
97 -1 18 0 17
98 -1 24 1 19
99 -1 18 1 17
100 -1 24 0 18
101 -1 18 0 17
102 0 24 0 11
103 -7 18 1 18
104 0 24 2 18
105 0 24 2 7
106 -7 24 0 7
107 0 24 1 18
108 0 24 2 7
109 0 18 1 27
110 0 18 2 18
111 -1 18 1 19
112 -7 18 1 19
113 -7 18 0 18
114 0 18 2 12
115 -1 18 0 17
116 -1 22 0 10
117 -1 18 1 18
118 0 18 0 18
119 0 18 0 25
120 0 18 0 18
121 -8 18 0 18
122 0 18 0 15
123 -7 24 1 11
124 -7 24 3 6
125 -7 24 2 12
126 4 11 1 17
127 0 21 1 12
128 0 21 1 12
129 0 21 1 12
130 0 21 1 12
131 0 21 1 12
132 0 21 1 12
133 0 21 1 12
134 0 21 1 12
135 0 21 1 12
136 0 21 1 12
137 0 21 1 12
138 0 21 1 12
139 0 21 1 12
140 0 21 1 12
141 0 0 0 0
142 0 21 1 12
143 0 21 1 12
144 0 21 1 12
145 0 21 1 12
146 0 21 1 12
147 0 21 1 12
148 0 21 1 12
149 0 21 1 12
150 0 21 1 12
151 0 21 1 12
152 0 21 1 12
153 0 21 1 12
154 0 21 1 12
155 0 21 1 12
156 0 21 1 12
157 0 21 1 12
158 0 21 1 12
159 0 21 1 12
160 0 0 0 0
161 0 24 3 9
162 15 24 1 14
163 -2 23 0 18
164 -5 25 0 17
165 -1 23 0 28
166 -1 24 1 23
167 15 24 1 7
168 -7 24 1 10
169 -7 24 0 10
170 13 24 0 12
171 -1 16 1 18
172 -6 5 2 7
173 6 11 0 10
174 0 5 2 7
175 -1 23 0 9
176 -1 24 0 17
177 0 23 2 13
178 0 24 0 17
179 -1 24 0 17
180 0 23 0 17
181 -1 23 0 17
182 -1 24 1 17
183 0 23 0 17
184 -1 24 0 17
185 -1 24 0 17
186 0 17 3 9
187 -6 17 3 9
188 -1 16 1 17
189 1 14 1 18
190 -1 16 1 17
191 0 24 2 18
192 -5 24 0 31
193 0 24 0 23
194 0 24 2 22
195 -1 24 1 22
196 0 24 2 22
197 0 24 2 20
198 0 24 2 19
199 -1 24 1 23
200 0 24 2 22
201 0 24 2 7
202 -1 24 0 16
203 0 24 2 23
204 0 24 2 19
205 0 24 2 25
206 0 24 2 22
207 -1 24 1 24
208 0 24 2 21
209 -2 24 1 24
210 0 24 2 22
211 -1 24 1 21
212 0 24 0 20
213 -1 24 2 21
214 0 24 0 21
215 0 24 0 30
216 0 24 0 21
217 0 24 0 21
218 0 24 0 19
219 -7 24 2 10
220 -1 23 -1 10
221 -7 24 0 9
222 8 23 1 17
223 -7 -3 -1 19
224 19 25 0 7
225 -1 18 0 17
226 -1 24 1 19
227 -1 18 1 17
228 -1 24 0 18
229 -1 18 0 17
230 0 24 0 11
231 -7 18 1 18
232 0 24 2 18
233 0 24 2 7
234 -7 24 0 7
235 0 24 1 18
236 0 24 2 7
237 0 18 1 27
238 0 18 2 18
239 -1 18 1 19
240 -7 18 1 19
241 -7 18 0 18
242 0 18 2 12
243 -1 18 0 17
244 -1 22 0 10
245 -1 18 1 18
246 0 18 0 18
247 0 18 0 25
248 0 18 0 18
249 -8 18 0 18
250 0 18 0 15
251 -7 24 1 11
252 -7 24 3 6
253 -7 24 2 12
254 4 11 1 17
255 0 21 1 12
256 0 21 1 12
257 0 21 1 12
258 0 21 1 12
259 0 21 1 12
260 0 21 1 12
261 0 21 1 12
262 0 21 1 12
263 0 21 1 12
264 0 21 1 12
265 0 21 1 12
266 0 21 1 12
267 0 21 1 12
268 0 21 1 12
269 0 0 0 0
270 0 21 1 12
271 0 21 1 12
272 0 21 1 12
273 0 21 1 12
274 0 21 1 12
275 0 21 1 12
276 0 21 1 12
277 0 21 1 12
278 0 21 1 12
279 0 21 1 12
280 0 21 1 12
281 0 21 1 12
282 0 21 1 12
283 0 21 1 12
284 0 21 1 12
285 0 21 1 12
286 0 21 1 12
287 0 21 1 12
